service_id,monday,tuesday,wednesday,thursday,friday,saturday,sunday,start_date,end_date
26ETEB-02-Semaine-22,1,1,1,1,1,0,0,20260708,20260821
25NOVPVSB-02-Semaine-24,1,1,1,1,1,0,0,20260824,20260828
26ETEB-02-Samedi-22,0,0,0,0,0,1,0,20260718,20260822
26ETEB-02-Dimanche-22,0,0,0,0,0,0,1,20260719,20260823
26ETEAFF-18-Semaine-00,1,1,1,1,1,0,0,20260708,20260828
26ETEAFF-18-Samedi-00,0,0,0,0,0,1,0,20260711,20260829
26ETEAFF-60-Semaine-00,1,1,1,1,1,0,0,20260708,20260828
26ETEAFF-60-Samedi-00,0,0,0,0,0,1,0,20260711,20260829
26ETEAFF-67-Semaine-00,1,1,1,1,1,0,0,20260708,20260828
26ETEAFF-67-Samedi-00,0,0,0,0,0,1,0,20260711,20260829
26ETEAFF-71-Semaine-00,1,1,1,1,1,0,0,20260708,20260828
26ETEAFF-72-Semaine-01,1,1,1,1,1,0,0,20260708,20260828
26ETEAFF-72-Samedi-01,0,0,0,0,0,1,0,20260711,20260829
26ETEAFF-72-Dimanche-01,0,0,0,0,0,0,1,20260712,20260830
26ETEAFF-73-Semaine-00,1,1,1,1,1,0,0,20260708,20260828
26ETEAFF-74-Semaine-00,1,1,1,1,1,0,0,20260708,20260828
26ETEAFF-74-Samedi-00,0,0,0,0,0,1,0,20260711,20260829
26ETEAFF-74-Dimanche-00,0,0,0,0,0,0,1,20260712,20260830
26SEPPVSAF-75-Semaine-00,1,1,1,1,1,0,0,20260824,20261231
26ETEAFF-75-Semaine-00,1,1,1,1,1,0,0,20260708,20260821
26ETEAFF-75-Samedi-00,0,0,0,0,0,1,0,20260711,20260822
26SEPTAFF-75-Samedi-00,0,0,0,0,0,1,0,20260829,20270102
26SEPTAFF-75-Dimanche-00,0,0,0,0,0,0,1,20260830,20270103
26ETEAFF-75-Dimanche-00,0,0,0,0,0,0,1,20260712,20260823
26SEPTAFF-75-L-Ma-J-V-00,1,1,0,1,1,0,0,20260831,20270104
26SEPTAFF-75-Mercredi-00,0,0,1,0,0,0,0,20260902,20261216
26ETEB-87-Semaine-15,1,1,1,1,1,0,0,20260715,20260723
26ETEB-88-Semaine-24,1,1,1,1,1,0,0,20260724,20260724
26ETEB-89-Dimanche-14,0,0,0,0,0,0,1,20260714,20260714
26ETEB-94-Samedi-25,0,0,0,0,0,1,0,20260725,20260725
26SEPW-A-D-Semaine-00,1,1,1,1,1,0,0,20260831,20270104
26ETEW-A-D-Semaine-15,1,1,1,1,1,0,0,20260715,20260723
25PVSW-A-D-Semaine-35,1,1,1,1,1,0,0,20260708,20260724
26SEPW-A-D-Samedi-00,0,0,0,0,0,1,0,20260829,20261121
25SEPW-A-D-Samedi-00,0,0,0,0,0,1,0,20260711,20260718
26ETEW-A-D-Samedi-26,0,0,0,0,0,1,0,20260725,20260725
25SEPW-A-D-Dimanche-00,0,0,0,0,0,0,1,20260712,20260726
26SEPW-A-D-Dimanche-00,0,0,0,0,0,0,1,20260830,20261122
26ETEW-A-D-Dimanche-16,0,0,0,0,0,0,1,20260714,20260714
26ETEW-A-F-A-D-Semaine-30,1,1,1,1,1,0,0,20260727,20260827
26ETEW-A-F-A-D-Semaine-31,1,1,1,1,1,0,0,20260828,20260828
26ETEW-A-F-A-D-Samedi-30,0,0,0,0,0,1,0,20260801,20260822
26ETEW-A-F-A-D-Dimanche-30,0,0,0,0,0,0,1,20260802,20260823
26ETEW-A-F-A-D-Dimanche-31,0,0,0,0,0,0,1,20260815,20260815
26ETEW-ADBCE-Semaine-30,1,1,1,1,1,0,0,20260727,20260828
26ETEW-ADBCE-Samedi-30,0,0,0,0,0,1,0,20260801,20260822
26ETEW-ADBCE-Dimanche-30,0,0,0,0,0,0,1,20260802,20260823
26ETEW-ADBCE-Dimanche-33,0,0,0,0,0,0,1,20260815,20260815
26ETEW-B-C-E-Semaine-10,1,1,1,1,1,0,0,20260708,20260713
26ETEW-B-C-E-Semaine-16,1,1,1,1,1,0,0,20260715,20260723
26ETEW-B-C-E-Semaine-24,1,1,1,1,1,0,0,20260724,20260724
26ETEW-B-C-E-Samedi-10,0,0,0,0,0,1,0,20260711,20260718
26ETEW-B-C-E-Dimanche-10,0,0,0,0,0,0,1,20260712,20260719
26ETEW-B-C-E-Dimanche-14,0,0,0,0,0,0,1,20260714,20260714
26ETEW-B-D-B-C-Semaine-30,1,1,1,1,1,0,0,20260727,20260828
26ETEW-B-D-B-C-Samedi-30,0,0,0,0,0,1,0,20260801,20260822
26ETEW-B-D-B-C-Dimanche-30,0,0,0,0,0,0,1,20260802,20260823
26ETEW-B-F-Dimanche-00,0,0,0,0,0,0,1,20260726,20260726
26ETEW-BCEF-Samedi-25,0,0,0,0,0,1,0,20260725,20260725
26ETEW-C-E-Dimanche-26,0,0,0,0,0,0,1,20260726,20260726
26ETEB-H-Ma-Me-J-00,0,1,1,1,0,0,0,20260708,20260709
26ETEAFF-KEONAV-Semaine-00,1,1,1,1,1,0,0,20260708,20260821
26SEPTAFF-KEONAV-Semaine-10,1,1,1,1,1,0,0,20260824,20261218
26SEPTAFF-KEONAV-Samedi-00,0,0,0,0,0,1,0,20260829,20270102
26ETEAFF-KEONAV-Samedi-00,0,0,0,0,0,1,0,20260711,20260822
26SEPPVSAF-KEOREG-Semaine-00,1,1,1,1,1,0,0,20261221,20261231
26ETEAFF-KEOREG-Semaine-00,1,1,1,1,1,0,0,20260708,20260821
26SEPTAFF-KEOREG-Semaine-01,1,1,1,1,1,0,0,20270104,20270104
26ETEAFF-KEOREG-Samedi-00,0,0,0,0,0,1,0,20260711,20260822
26SEPTAFF-KEOREG-Samedi-01,0,0,0,0,0,1,0,20261219,20270102
26SEPTAFF-KEOREG-Dimanche-00,0,0,0,0,0,0,1,20260830,20270103
26ETEAFF-KEOREG-Dimanche-00,0,0,0,0,0,0,1,20260712,20260823
26ETEAFF-NUIT-Jeu-Ven-00,0,0,0,1,1,0,0,20260709,20260828
26SEPTAFF-NUIT-Jeu-Ven-00,0,0,0,1,1,0,0,20260903,20270101
26SEPTAFF-NUIT-Samedi-00,0,0,0,0,0,1,0,20260905,20270102
26ETEAFF-NUIT-Samedi-00,0,0,0,0,0,1,0,20260711,20260829
26PVSB-UPCBus-Semaine-00,1,1,1,1,1,0,0,20260824,20261230
26ETEB-UPCBus-Semaine-00,1,1,1,1,1,0,0,20260708,20260821
26SEPB-UPCBus-Semaine-15,1,1,1,1,1,0,0,20260831,20270104
26ETEB-UPCBus-Samedi-00,0,0,0,0,0,1,0,20260711,20260822
26SEPB-UPCBus-Samedi-00,0,0,0,0,0,1,0,20260829,20270102
26SEPB-UPCBus-Dimanche-00,0,0,0,0,0,0,1,20260830,20270103
26ETEB-UPCBus-Dimanche-00,0,0,0,0,0,0,1,20260712,20260823
26ETEB-UPEBus-Semaine-00,1,1,1,1,1,0,0,20260708,20260821
26ETEB-UPEBus-Samedi-00,0,0,0,0,0,1,0,20260711,20260822
26ETEB-UPEBus-Dimanche-00,0,0,0,0,0,0,1,20260712,20260823
26ETEB-UPKBus-Semaine-20,1,1,1,1,1,0,0,20260708,20260821
26ETEB-UPKBus-Samedi-20,0,0,0,0,0,1,0,20260711,20260822
26ETEB-UPKBus-Dimanche-20,0,0,0,0,0,0,1,20260712,20260823
26ETEB-UPKBus-Mardi-20,0,1,0,0,0,0,0,20260721,20260818
